mass: 0.14630000293254852

# Learned CoM
CoM: [-0.0009740200475789607, 0.0001428395335096866, 0.0]

# Inertia
inertia: 0.0002940507256425917
#inertia: 0.5356e-3 # 0.5 * mass^2 * (propeller_pair_radial_distance + 12.5e-3)

# Minimum idle signal
idle_signal: 0.05

# Minimum idle signal
motor_tau: 0.03136588633060455

# Configuration matrix of model
use_configuration_matrix: false
configuration_matrix:
            [0.0, 0.0, -5.919517517089844, 5.919517517089844, 5.919517517089844, -5.919517517089844,
            6.835269927978516, -6.835269927978516, -3.417635440826416, 3.417635440826416, -3.4176342487335205, 3.4176342487335205,
            82.2405014038086, -82.2405014038086, 82.24050903320312, -82.24050903320312, 82.24050903320312, -82.2405014038086]
 
# Motor pos
motor_pos_a_1: [0.04353148862719536, -0.016438880935311317, 0.0]
motor_pos_a_2: [0.04451699182391167, 0.013544906862080097, 0.0]
motor_pos_b_1: [-0.007529253605753183, 0.04591881483793259, 0.0]
motor_pos_b_2: [-0.03398873284459114, 0.031780391931533813, 0.0]
motor_pos_c_1: [-0.03600221872329712, -0.029479946941137314, 0.0]
motor_pos_c_2: [-0.010528257116675377, -0.045325301587581635, 0.0]

# Motor vec
learned_motor_vec_a_1: [0.03285021334886551, 0.9994602799415588, 0.0]
learned_motor_vec_a_2: [-0.03285021334886551, -0.9994602799415588, 0.0]
learned_motor_vec_b_1: [-0.8819831013679504, -0.4712809920310974, 0.0]
learned_motor_vec_b_2: [0.8819831013679504, 0.4712809920310974, 0.0]
learned_motor_vec_c_1: [0.8491330146789551, -0.5281790494918823, 0.0]
learned_motor_vec_c_2: [-0.8491330146789551, 0.5281790494918823, 0.0]

# Signal to thrust polynomial coefficients ax + bx² + cx³
signal_to_thrust_coeffs_motor_1: [0.08503935486078262, 0.9899666905403137, -0.5661908388137817]
signal_to_thrust_coeffs_motor_2: [0.08503935486078262, 0.9899666905403137, -0.5661908388137817]
signal_to_thrust_coeffs_motor_3: [0.08503935486078262, 0.9899666905403137, -0.5661908388137817]
signal_to_thrust_coeffs_motor_4: [0.08503935486078262, 0.9899666905403137, -0.5661908388137817]
signal_to_thrust_coeffs_motor_5: [0.08503935486078262, 0.9899666905403137, -0.5661908388137817]
signal_to_thrust_coeffs_motor_6: [0.08503935486078262, 0.9899666905403137, -0.5661908388137817]