mass: 0.14630000293254852

# Learned CoM
CoM: [-0.0006979684112593532, -0.00011576208635233343, 0.0]

# Inertia
inertia: 0.0002954823721665889
#inertia: 0.5356e-3 # 0.5 * mass^2 * (propeller_pair_radial_distance + 12.5e-3)

# Minimum idle signal
idle_signal: 0.05

# Minimum idle signal
motor_tau: 0.031329184770584106

# Configuration matrix of model
use_configuration_matrix: false
configuration_matrix: [0.0, 0.0, -5.919517517089844, 5.919517517089844, 5.919517517089844, -5.919517517089844,
                       6.835269927978516, -6.835269927978516, -3.417635440826416, 3.417635440826416, -3.4176342487335205, 3.4176342487335205,
                       82.2405014038086, -82.2405014038086, 82.24050903320312, -82.24050903320312, 82.24050903320312, -82.2405014038086]

# Motor pos
motor_pos_a_1: [0.04351295903325081, -0.016487866640090942, 0.0]
motor_pos_a_2: [0.044532209634780884, 0.013494793325662613, 0.0]
motor_pos_b_1: [-0.0074775745160877705, 0.0459272563457489, 0.0]
motor_pos_b_2: [-0.033952947705984116, 0.03181861713528633, 0.0]
motor_pos_c_1: [-0.036035384982824326, -0.029439397156238556, 0.0]
motor_pos_c_2: [-0.010579277761280537, -0.04531342163681984, 0.0]

# Motor vec
learned_motor_vec_a_1: [0.033975113183259964, 0.9994226694107056, 0.0]
learned_motor_vec_a_2: [-0.033975113183259964, -0.9994226694107056, 0.0]
learned_motor_vec_b_1: [-0.8825129270553589, -0.47028815746307373, 0.0]
learned_motor_vec_b_2: [0.8825129270553589, 0.47028815746307373, 0.0]
learned_motor_vec_c_1: [0.8485378623008728, -0.5291346907615662, 0.0]
learned_motor_vec_c_2: [-0.8485378623008728, 0.5291346907615662, 0.0]

# Signal to thrust polynomial coefficients ax + bx² + cx³
signal_to_thrust_coeffs_motor_1: [0.07925979048013687, 1.0020992755889893, -0.5430742502212524]
signal_to_thrust_coeffs_motor_2: [0.0679704025387764, 1.0247124433517456, -0.5037426948547363]
signal_to_thrust_coeffs_motor_3: [0.0022727653849869967, 0.9944745898246765, -0.4377064108848572]
signal_to_thrust_coeffs_motor_4: [0.11989260464906693, 0.9598868489265442, -0.6158589720726013]
signal_to_thrust_coeffs_motor_5: [0.15500621497631073, 0.9579479098320007, -0.6364295482635498]
signal_to_thrust_coeffs_motor_6: [0.023285716772079468, 1.0240790843963623, -0.5022160410881042]